373
277
362
287
475
461
390
313
415
470
337
360
391
425
387
377
367
274
359
459
391
218
368
404
454
452
348
312
449
323
423
399
389
403
267
269
345
332
575
360
308
308
353
354
389
469
388
435
442
446
369
391
326
393
471
509
333
361
411
395
358
443
462
344
344
282
431
394
278
524
345
345
358
509
326
313
316
417
461
438
428
317
602
302
371
463
481
365
375
438
330
367
511
391
321
368
295
388
332
405
372
304
367
330
235
343
422
342
383
339
368
471
396
370
420
465
271
534
463
286
378
365
373
551
447
383
347
371
497
349
445
424
314
344
373
467
430
333
284
322
317
498
484
248
244
261
450
327
532
337
424
342
454
400
302
335
396
354
348
300
357
311
380
459
342
481
279
522
442
337
431
209
398
383
337
399
503
425
371
347
548
306
330
286
462
392
298
443
419
406
354
369
439
237
362
355
300
393
367
364
348
429
340
356
468
365
423
380
276
272
418
466
271
402
534
417
392
316
387
439
387
427
412
453
334
467
485
337
458
327
330
332
356
587
356
350
534
477
439
428
574
312
342
323
401
301
471
398
338
382
459
347
558
349
350
236
315
539
344
275
241
393
448
369
499
477
476
549
356
249
442
451
481
281
361
298
286
434
461
518
366
430
413
317
380
330
378
317
425
529
496
293
299
479
424
356
379
454
363
332
355
371
423
273
275
294
399
363
459
258
420
473
392
296
398
364
369
405
385
205
491
366
399
298
346
307
438
346
467
303
343
378
259
302
447
332
297
333
318
454
406
277
371
340
313
395
450
411
488
310
447
263
432
327
297
435
320
326
348
397
372
411
342
353
421
406
254
431
398
432
310
296
400
288
470
592
430
424
372
450
380
368
392
346
439
322
339
247
400
378
396
334
334
400
541
340
456
381
489
274
316
434
375
349
240
348
409
387
269
394
366
423
453
466
443
306
442
236
427
328
385
243
231
561
232
376
264
259
474
263
474
477
348
522
307
194
268
376
388
428
441
357
494
441
439
314
416
311
401
386
221
345
303
433
452
378
213
507
341
412
595
386
258
485
617
297
391
378
403
353
235
440
415
452
265
322
359
455
333
272
366
247
315
438
391
443
282
419
480
354
451
473
439
374
445
301
504
293
292
422
421
500
578
357
346
489
355
299
463
380
269
505
566
447
430
368
341
569
443
362
420
406
397
275
486
202
369
312
292
359
531
449
454
380
409
348
273
230
372
485
348
329
225
380
433
378
361
450
374
227
336
427
379
307
289
440
288
418
288
375
250
388
279
267
365
413
441
159
395
372
501
411
484
620
245
375
531
327
447
378
436
272
363
407
337
314
469
616
327
352
299
404
212
493
437
405
580
353
317
342
237
250
426
311
396
329
335
442
369
337
342
316
434
273
477
296
421
328
473
373
353
355
477
459
493
488
445
402
331
317
372
328
455
332
417
445
392
284
447
387
525
440
281
407
394
399
446
494
470
373
202
388
347
398
367
399
334
412
379
356
414
301
358
429
446
247
360
379
429
525
338
368
325
343
286
315
410
319
485
266
381
242
327
228
383
350
431
442
434
379
318
405
360
450
285
307
403
376
318
293
538
332
285
397
318
299
247
392
416
197
407
411
387
476
217
393
406
265
343
373
308
350
384
533
350
319
452
376
389
367
330
368
333
384
300
304
399
378
331
354
410
147
449
335
342
262
349
533
402
396
394
363
471
425
308
417
380
566
320
339
437
370
359
418
404
391
461
365
426
385
528
300
534
437
365
276
495
451
303
379
576
348
446
312
434
325
341
475
268
354
345
376
368
294
400
389
299
269
259
357
383
367
364
396
486
363
340
278
421
354
501
409
362
355
435
439
373
368
316
349
364
328
564
314
447
493
458
353
386
429
368
350
350
447
465
486
350
294
375
386
368
554
378
356
304
522
301
310
489
318
402
400
423
321
346
380
357
310
315
379
437
331
312
612
458
418
329
408
420
461
399
377
452
318
312
443
357
261
278
416
270
356
444
358
382
243
430
325
413
394
316
403
446
311
326
347
509
197
385
440
458
531
290
488
322
347
366
360
350
234
285
277
454
355
216
474
413
286
346
395
437
340
485
316
329
233
334
439
462
311
490
359
365
260
333
314
213
529
523
303
381
278
308
352
229
319
338
471
370
427
302
592
406
477
551
440
280
305
413
326
447
381
325
394
271
534
393
422
339
386
288
410
455
351
436
293
275
384
384
361
324
435
364
435
269
572
388
430
394
287
362
395
380
425
457
437
409
450
385
397
471
364
337
360
331
416
270
427
290
487
299
293
497
472
275
379
491
347
342
463
470
281
485
322
473
442
414
296
291
341
413
482
368
229
430
436
382
420
442
336
323
394
295
428
266
335
379
354
478
493
264
390
354
246
440
449
368
243
525
519
246
364
351
504
373
364
418
399
404
304
298
391
315
380
277
369
292
301
428
387
511
400
439
316
567
367
299
451
483
526
464
336
350
334
327
333
407
366
440
294
326
337
425
448
319
244
359
513
395
377
322
358
329
226
366
307
363
340
277
428
293
250
404
425
414
287
390
429
394
353
412
383
300
311
412
333
451
584
577
388
435
339
297
535
464
329
387
360
475
477
452
397
459
377
510
444
269
314
469
304
325
314
555
275
379
342
453
541
390
362
394
310
421
386
291
423
383
349
342
311
336
307
554
334
355
271
330
428
360
288
330
418
514
416
389
400
330
393
252
406
373
281
334
379
265
472
340
309
388
369
315
341
634
288
381
522
352
311
340
531
313
410
379
205
342
372
515
353
374
340
340
535
477
509
348
379
405
454
399
228
492
393
455
382
315
403
539
451
431
387
333
385
455
348
473
508
285
337
338
407
295
398
401
437
419
462
345
456
299
320
341
282
332
322
506
317
370
369
341
270
358
318
319
293
375
325
368
338
324
346
314
307
400
440
459
366
586
329
470
409
522
415
377
405
389
621
332
342
353
397
507
433
376
312
318
454
349
238
445
371
543
209
424
232
473
369
341
281
427
421
367
319
332
418
292
329
453
375
253
342
464
339
334
352
305
366
402
430
303
367
187
367
431
405
341
425
494
320
436
492
447
414
324
321
342
345
421
317
363
561
518
471
611
429
350
359
311
390
342
475
309
358
379
299
396
410
364
413
380
463
306
340
383
380
515
445
277
382
427
486
446
490
323
379
395
312
215
365
391
383
301
485
323
458
437
292
343
343
381
520
370
409
478
328
317
476
353
262
335
365
364
350
386
503
360
518
371
333
311
279
509
380
504
252
419
508
475
420
380
398
349
230
398
472
380
546
407
302
450
374
255
335
372
368
568
331
469
522
407
247
343
496
422
455
404
363
428
408
472
478
346
323
336
416
232
432
323
277
236
408
358
332
324
455
305
402
391
342
436
332
461
252
359
255
332
442
369
319
408
414
456
395
371
362
341
326
454
314
401
439
513
358
350
432
512
278
249
333
336
393
337
548
306
322
299
489
348
370
397
439
379
532
378
304
369
436
505
307
314
325
399
602
272
214
393
421
444
340
393
344
357
449
532
369
329
390
440
346
384
402
354
435
238
215
455
418
414
333
345
392
368
318
342
422
387
411
414
414
505
377
395
396
414
426
395
472
365
439
298
245
406
416
354
490
404
306
338
257
473
376
435
374
311
282
378
360
394
342
386
256
415
242
326
379
414
274
423
392
348
397
353
503
316
410
431
415
496
342
439
233
270
295
494
345
317
349
274
295
415
430
420
338
346
301
449
434
389
430
360
366
379
332
404
370
378
364
375
359
439
451
475
477
408
362
433
276
388
363
390
291
301
314
271
327
431
289
235
433
323
410
475
376
353
400
332
330
491
409
355
364
411
389
428
261
278
310
306
468
377
356
440
465
283
367
344
325
422
408
354
382
472
396
416
275
355
409
373
370
374
241
321
338
409
460
296
359
317
273
467
395
299
419
320
440
386
375
348
450
407
409
337
487
358
357
376
312
471
585
296
455
316
516
368
378
524
463
395
528
444
444
364
300
362
440
388
372
363
528
546
309
339
435
646
447
341
392
536
450
381
355
427
244
536
457
376
303
330
450
334
455
501
579
316
247
324
288
298
336
371
367
425
437
384
354
446
443
275
428
432
430
496
291
301
383
291
346
398
353
326
418
350
320
404
299
371
538
307
482
422
423
512
300
343
496
328
537
313
337
321
341
263
402
395
389
236
464
312
457
455
344
368
306
323
354
456
400
337
383
316
382
351
374
371
539
345
366
479
387
410
421
394
544
370
428
363
317
437
437
298
418
261
455
288
424
385
268
308
353
547
318
425
521
396
439
278
445
238
568
416
333
227
442
521
361
342
301
361
458
215
379
417
439
393
371
289
389
332
503
522
282
385
287
506
458
437
285
444
277
356
386
386
352
543
562
186
533
551
500
314
472
407
355
382
302
348
488
465
492
191
482
358
280
237
324
281
330
362
229
413
667
311
370
274
406
448
357
436
439
418
494
442
286
491
557
334
524
454
420
399
441
307
286
250
391
400
406
583
404
445
414
385
454
483
283
308
422
502
331
315
306
341
458
256
301
543
295
319
388
427
477
411
502
302
355
285
250
321
410
441
388
454
316
309
312
307
409
442
516
549
311
345
467
272
315
374
365
261
322
331
414
406
463
438
390
297
263
508
420
350
326
412
382
523
468
401
399
374
398
424
386
373
269
310
458
402
369
346
401
341
486
313
402
476
236
330
468
306
389
505
323
435
546
219
415
320
479
546
344
563
366
369
446
480
458
213
445
539
365
387
325
453
301
381
417
354
224
240
407
353
365
427
319
369
375
238
330
376
462
430
473
393
394
345
346
335
385
368
422
474
330
434
460
345
323
457
402
428
422
540
280
523
351
480
327
299
291
392
379
351
397
390
335
385
244
454
319
379
421
412
268
402
390
410
254
319
411
395
290
239
353
269
359
422
368
416
378
379
374
397
394
449
343
471
489
322
299
313
490
402
509
259
296
366
413
365
345
452
278
369
314
381
476
424
369
283
465
302
381
313
271
353
380
416
363
519
398
427
311
541
585
286
428
350
285
275
595
407
356
381
233
395
365
369
324
387
464
582
403
420
165
574
410
315
285
471
344
514
398
385
303
512
364
375
350
355
465
304
371
362
480
495
494
286
375
402
289
276
422
369
412
389
365
287
251
344
350
322
439
372
292
539
434
326
400
364
430
342
394
478
510
240
499
331
345
382
335
391
377
418
335
304
454
364
298
346
378
393
462
342
445
316
265
478
358
299
377
391
614
406
407
452
327
309
443
313
355
330
416
534
248
383
374
466
455
303
421
502
314
349
316
393
367
598
329
479
298
351
386
332
311
492
255
362
439
439
320
369
421
644
430
370
461
313
452
204
498
423
262
555
496
532
282
523
581
433
432
500
319
313
390
406
422
481
535
407
373
359
360
531
335
505
433
350
511
310
454
369
413
311
348
508
300
352
357
320
507
363
258
162
351
520
373
406
388
414
450
470
436
348
333
458
418
499
395
320
454
265
287
403
436
418
263
307
471
307
565
336
542
504
292
478
303
514
362
503
387
349
320
428
372
429
240
436
253
265
412
364
367
484
343
564
355
415
282
511
314
432
423
433
430
419
350
423
354
387
417
489
441
303
311
400
374
350
464
487
514
342
340
198
387
356
509
452
264
363
364
309
250
346
362
444
503
429
324
264
468
417
448
324
339
364
360
298
467
456
460
487
322
392
408
329
366
458
230
341
395
376
350
304
209
459
294
385
234
409
511
393
369
474
385
396
336
379
293
487
203
342
412
379
470
409
358
501
330
443
299
403
476
585
313
416
291
382
371
477
334
400
350
327
273
317
379
453
351
291
417
339
498
268
244
543
287
270
442
343
475
440
296
388
482
512
325
407
371
516
343
496
438
299
245
349
442
337
356
351
328
466
567
321
348
190
343
308
344
414
393
353
339
515
469
358
298
318
317
488
443
452
464
326
397
394
522
426
440
360
296
521
701
484
352
402
444
354
369
432
371
433
440
407
380
365
438
399
440
391
272
363
359
378
401
376
347
494
447
428
319
329
348
301
418
453
469
303
369
411
354
344
262
395
535
501
509
309
245
362
379
461
311
401
268
365
404
387
425
304
508
328
291
441
373
410
374
261
433
194
321
311
432
481
428
321
484
240
394
279
477
324
371
333
254
365
273
399
401
268
280
352
416
280
327
542
449
340
425
390
210
403
652
366
275
294
500
337
515
296
468
340
448
372
372
455
215
351
577
275
293
347
272
486
385
315
392
400
398
544
514
494
466
375
277
273
332
394
521
257
409
409
406
494
450
450
261
467
229
489
275
411
319
301
345
292
373
618
340
432
249
428
359
378
327
429
359
537
446
423
291
356
301
302
313
377
518
467
361
329
373
385
313
347
413
439
369
434
334
391
499
399
371
357
334
367
422
295
330
347
338
326
422
354
482
273
290
332
441
535
453
527
260
482
386
433
463
317
326
414
415
356
462
457
325
289
386
510
275
369
320
342
396
351
348
311
331
354
432
391
460
437
416
343
432
410
357
338
294
479
307
449
425
399
287
323
508
390
260
421
459
358
440
390
408
355
335
256
526
420
435
423
436
309
326
293
265
494
527
412
395
276
269
362
316
328
488
412
285
535
341
426
292
431
485
379
410
528
459
482
362
427
356
398
482
350
335
326
406
363
431
287
313
324
385
389
410
326
580
312
375
353
355
273
545
328
272
238
468
390
369
327
419
571
412
418
409
358
373
425
277
416
484
325
408
395
268
280
283
399
336
361
368
276
470
538
283
277
357
404
352
387
510
326
355
285
404
377
429
232
362
443
380
371
387
369
294
247
445
335
384
462
291
318
375
378
409
306
382
408
329
263
395
345
474
272
412
342
441
322
381
443
386
453
327
488
346
439
360
447
328
536
413
297
470
418
346
248
490
469
413
471
401
454
291
390
648
427
560
309
479
387
366
329
351
443
235
361
309
372
556
456
393
446
396
438
423
342
421
441
381
277
432
399
339
346
339
309
334
498
628
369
362
354
372
439
328
324
265
301
316
360
353
460
306
311
299
376
512
319
245
290
448
266
381
374
383
414
456
348
484
460
367
482
500
345
421
356
557
521
329
327
441
423
365
450
441
413
432
453
341
250
379
390
446
375
322
312
369
311
386
400
420
373
529
488
375
374
442
520
479
425
345
465
330
472
335
303
301
238
434
525
459
317
458
504
301
405
325
305
312
283
391
322
398
293
534
298
312
284
332
264
429
305
199
352
410
380
384
371
364
445
406
324
281
374
271
502
438
362
399
473
450
473
369
433
410
318
453
334
439
330
466
439
393
327
326
409
342
354
417
282
418
342
360
339
412
304
393
381
393
480
437
365
413
291
466
368
299
383
376
507
501
327
417
315
374
410
356
361
364
317
429
448
356
287
328
320
544
294
451
436
398
528
286
321
441
339
385
300
218
440
350
482
407
351
340
289
420
564
316
483
421
372
416
334
299
342
357
327
353
379
259
325
302
345
338
342
439
386
527
387
328
367
404
431
441
316
226
398
182
484
328
260
366
330
281
427
293
235
459
299
197
404
247
400
403
320
384
250
311
332
316
298
312
435
362
370
307
279
202
316
486
410
349
279
376
414
442
394
303
286
392
267
358
282
284
405
458
455
405
382
399
374
474
331
410
503
278
352
469
407
476
439
383
460
246
292
419
211
458
434
365
499
359
351
227
386
398
459
472
317
408
404
293
319
366
382
364
306
491
419
361
398
348
422
384
315
452
466
298
323
420
456
452
490
369
355
343
458
302
297
308
450
377
343
491
508
553
392
242
378
284
182
292
280
463
514
400
293
180
404
409
365
319
413
343
367
435
397
509
222
551
419
287
351
351
371
375
336
315
381
332
335
278
437
343
347
421
571
245
502
506
391
389
397
360
339
447
455
436
369
489
350
281
315
349
302
421
348
509
500
390
390
423
339
309
387
497
393
319
420
315
452
360
432
250
467
393
392
359
259
417
388
331
402
442
342
349
378
384
445
342
286
202
310
322
373
525
468
279
469
337
368
462
434
420
315
285
224
482
361
359
421
340
441
407
424
491
307
460
440
373
391
436
352
367
386
487
434
540
335
257
332
298
499
269
402
362
267
201
405
191
312
215
440
360
497
390
469
422
349
414
312
597
210
523
351
450
425
419
389
384
460
318
483
405
427
336
405
316
334
407
351
300
359
407
379
430
319
485
416
284
151
371
415
341
433
379
323
365
332
490
359
500
313
339
437
217
303
287
313
435
375
310
427
319
355
270
341
502
335
332
449
456
385
407
361
350
437
322
311
379
392
465
288
482
467
409
404
419
358
365
436
436
291
468
320
334
428
271
370
381
353
281
435
361
417
323
445
374
334
375
284
501
400
298
387
434
219
421
316
301
501
419
343
325
382
376
485
294
418
325
419
391
462
474
413
476
311
397
299
414
399
322
320
427
299
344
405
322
300
307
424
398
303
305
406
325
396
384
353
211
452
417
245
381
381
432
417
460
295
463
388
319
411
358
330
332
399
414
338
286
312
352
300
458
363
369
508
454
267
418
329
336
567
463
422
339
350
316
338
372
388
443
332
275
369
336
298
329
455
401
522
412
350
449
415
370
307
397
396
431
338
364
353
363
274
283
349
406
567
359
358
343
527
354
316
286
353
347
354
381
490
269
472
307
406
520
330
256
466
547
323
292
350
506
335
398
433
401
439
441
281
371
532
278
362
356
371
252
314
503
366
398
322
303
570
395
348
344
635
358
233
342
301
293
376
408
400
309
408
301
420
382
385
403
508
381
411
496
398
417
379
348
339
409
263
477
538
320
443
341
304
214
422
439
446
358
428
457
567
479
381
394
378
461
281
408
430
413
263
412
353
278
417
510
333
312
368
456
291
444
480
328
253
394
431
302
457
320
373
341
213
472
360
307
438
265
443
395
392
362
487
448
401
400
392
340
391
414
626
193
346
336
270
391
385
230
485
375
361
319
429
440
357
396
487
544
420
338
487
483
447
348
244
331
387
250
343
287
232
380
383
415
385
443
299
315
358
377
341
464
284
361
285
334
214
225
445
466
228
509
381
427
529
372
423
451
396
448
323
354
305
339
517
342
376
317
316
392
470
344
420
329
368
449
364
416
304
343
503
513
308
292
406
350
357
278
424
310
419
363
466
354
360
417
287
388
403
478
378
456
259
350
479
373
334
372
331
401
214
222
237
362
412
581
361
563
422
328
467
289
349
389
315
328
463
416
308
318
260
250
371
398
374
396
330
421
500
440
331
235
335
419
359
266
422
357
363
297
292
317
414
375
343
399
399
407
273
518
363
476
517
610
427
339
393
450
405
332
412
379
495
234
294
355
327
252
340
397
357
343
303
514
400
488
447
290
426
325
381
466
446
423
229
417
354
343
467
313
448
414
283
420
349
317
380
389
282
294
430
175
305
460
410
399
399
340
291
421
376
414
234
327
313
419
340
394
271
365
388
516
429
313
382
549
361
515
360
352
337
277
415
382
434
366
431
436
561
465
462
353
313
493
305
422
444
405
489
492
412
421
422
264
382
396
396
354
414
487
298
449
491
328
339
400
312
345
370
367
415
301
293
300
332
379
395
489
519
321
298
314
256
289
470
253
392
393
508
348
466
365
389
408
420
371
354
311
326
470
498
265
409
294
421
329
270
304
334
356
598
331
422
501
326
363
247
358
416
460
285
481
308
486
536
309
457
478
380
315
233
393
251
428
410
399
380
434
441
342
320
423
228
349
346
378
308
357
385
375
240
567
348
302
415
429
293
206
380
356
340
411
385
385
459
276
302
420
443
371
346
368
385
315
264
333
484
341
356
459
374
557
447
387
475
495
353
411
326
378
293
254
366
415
394
459
470
380
466
272
374
315
496
372
411
288
407
319
358
274
341
385
337
353
433
324
463
429
388
403
456
333
391
292
430
305
367
377
437
380
511
332
266
316
316
316
445
402
401
309
440
382
379
452
378
490
379
242
424
463
356
443
252
296
402
401
324
398
427
450
342
356
450
570
408
286
428
484
431
346
298
385
465
456
286
405
366
349
285
323
356
369
413
442
474
409
339
371
595
397
440
404
486
279
294
441
331
325
516
254
421
327
435
363
553
404
337
466
297
404
552
386
306
425
528
335
549
533
402
229
439
318
368
354
522
471
383
378
246
306
269
431
358
335
295
361
332
369
422
469
293
351
283
478
446
439
360
432
224
299
287
336
454
377
460
532
211
432
359
572
269
504
416
303
378
324
209
483
398
384
605
462
286
487
385
317
342
258
352
370
446
294
487
331
265
348
385
491
307
383
348
340
575
423
461
416
462
411
383
484
388
320
279
396
453
303
278
311
300
322
296
407
494
361
361
357
386
408
400
420
328
407
250
331
437
384
392
392
384
397
413
489
333
408
431
310
543
499
360
494
336
498
322
404
416
261
441
417
380
419
377
371
270
310
447
342
449
333
302
281
308
467
296
408
494
328
371
383
404
411
664
501
304
329
365
364
403
405
357
252
357
405
405
338
345
507
396
198
321
413
301
468
336
442
246
475
488
484
441
526
345
349
499
342
403
255
400
517
179
284
474
275
193
346
431
423
337
427
267
464
327
439
398
354
426
318
402
322
525
379
378
292
352
494
384
430
337
383
449
222
447
313
406
368
365
391
360
472
447
168
390
514
409
456
443
190
424
349
470
303
285
375
331
281
270
375
430
363
349
289
270
271
377
404
366
314
412
476
435
451
366
357
314
313
401
438
335
413
522
347
312
462
532
330
435
384
386
507
385
285
377
247
542
291
238
444
376
303
306
446
391
391
389
481
407
336
478
384
349
394
400
233
363
380
447
369
279
657
361
492
491
390
349
327
511
373
374
300
271
422
504
382
415
429
274
354
395
461
406
312
367
364
446
448
480
332
384
370
466
398
321
481
374
302
330
378
427
416
431
428
464
288
386
295
221
409
395
421
366
411
468
330
247
442
357
490
417
324
372
315
455
443
340
490
393
311
375
383
289
390
457
434
295
452
391
414
407
458
372
376
417
247
352
364
417
425
355
269
308
365
346
247
497
423
259
266
475
469
488
381
217
412
388
312
393
518
319
568
250
331
580
495
322
430
360
334
361
281
343
355
414
358
327
511
345
300
276
377
457
385
407
395
439
467
515
366
469
332
437
414
401
207
381
309
419
322
471
228
323
310
398
305
382
426
378
519
313
484
415
430
431
286
336
370
337
375
394
244
391
314
471
397
371
299
657
456
397
453
341
314
279
377
319
361
233
394
338
440
379
292
475
312
340
405
451
269
377
483
286
352
398
339
410
347
294
504
351
276
412
255
519
302
292
387
548
536
384
274
315
352
330
324
369
386
293
457
345
341
614
427
568
357
494
382
297
377
385
303
351
268
435
315
399
376
303
367
508
384
285
456
352
457
357
452
285
362
330
377
457
423
274
390
388
428
347
397
339
389
386
388
267
368
387
389
427
414
333
471
431
548
432
365
332
545
301
255
420
338
403
395
439
345
347
506
382
373
434
473
421
446
319
421
438
348
389
327
265
395
357
430
420
398
492
423
390
271
323
444
274
411
440
400
408
381
261
253
398
469
353
397
365
453
311
377
580
270
353
377
284
363
417
426
428
366
429
349
350
317
467
442
487
238
452
393
320
406
290
203
490
357
435
456
354
246
354
402
422
335
308
428
324
319
357
311
286
383
447
378
446
382
403
290
270
251
408
405
324
446
344
437
374
330
345
313
274
575
392
344
363
474
446
360
532
446
336
393
488
381
319
292
273
260
349
400
428
441
428
363
562
359
366
367
404
348
217
311
344
413
384
254
281
385
313
311
357
451
352
233
419
423
381
390
487
405
360
360
378
376
439
394
359
419
441
279
306
416
561
348
389
367
389
385
393
468
340
264
375
339
421
450
395
322
453
415
276
377
282
366
441
478
399
508
284
403
454
440
474
488
429
443
353
349
390
452
513
470
392
339
309
314
545
379
293
309
236
402
237
439
279
392
392
256
369
220
338
341
259
369
387
279
434
366
356
431
343
323
265
260
317
337
202
334
291
281
294
392
234
346
247
318
483
293
401
263
330
319
411
364
288
509
360
499
322
393
336
449
375
430
352
272
420
401
369
429
366
472
322
320
432
404
602
527
343
274
307
346
496
417
265
309
583
412
358
290
443
339
430
318
449
441
427
335
428
355
329
273
223
261
457
377
495
414
407
485
468
373
463
322
344
429
337
388
310
414
336
382
460
377
391
428
369
374
301
346
214
454
486
268
355
253
369
308
309
303
236
280
273
402
406
336
380
440
402
486
304
463
374
368
479
480
376
381
379
376
159
201
428
390
310
323
355
464
497
311
280
336
500
541
335
515
462
272
341
371
282
407
402
422
236
223
423
377
433
448
289
387
438
572
395
387
377
277
359
342
485
415
418
292
335
388
362
383
455
515
443
404
524
403
568
639
261
350
333
399
405
346
409
499
270
374
405
334
312
468
365
370
403
446
477
383
216
410
259
540
347
631
278
504
263
410
410
464
546
437
251
210
488
292
386
254
337
411
327
386
377
398
347
265
445
403
254
452
479
513
387
356
527
303
512
392
411
401
454
416
331
428
494
420
617
399
397
407
386
278
595
390
262
393
473
323
245
589
362
423
466
238
376
420
424
460
346
562
320
276
373
274
404
285
301
327
283
483
326
345
290
373
216
409
318
328
409
411
372
372
355
349
368
331
312
419
328
438
209
386
398
264
391
372
250
394
222
432
372
232
434
259
210
424
333
452
481
303
379
435
488
230
459
249
307
244
366
492
354
375
325
368
367
452
400
220
336
317
245
290
303
327
289
226
392
306
391
490
324
408
363
378
359
392
291
449
384
357
381
428
404
324
358
452
385
383
323
397
397
364
211
381
330
349
306
449
312
328
365
439
246
355
429
306
369
397
460
301
459
277
387
320
308
305
585
430
344
354
423
259
422
346
351
393
311
424
356
375
331
445
357
316
384
440
473
425
408
342
613
473
502
349
384
531
376
276
355
325
278
369
414
399
306
360
320
405
352
359
269
367
408
348
299
354
419
316
413
468
427
310
382
338
268
411
370
305
302
424
501
288
301
435
295
260
395
294
416
325
394
394
504
219
249
461
296
373
401
502
576
333
438
427
347
357
471
505
367
377
331
287
339
352
391
259
308
331
260
471
359
349
305
469
380
357
354
262
411
390
342
416
422
425
217
344
281
437
381
340
309
369
392
285
332
459
321
266
473
260
493
504
395
383
381
411
413
314
251
402
372
420
438
465
472
427
258
479
238
391
311
305
297
213
504
324
515
352
382
453
330
422
447
379
476
385
454
267
222
510
513
387
405
394
275
359
434
414
327
292
250
454
535
303
527
280
342
364
486
429
432
369
458
392
372
267
290
362
221
380
481
524
346
378
316
460
329
561
317
614
293
326
450
388
274
481
343
415
352
446
368
415
353
430
436
474
314
336
437
454
356
307
483
500
334
324
392
479
336
365
475
434
291
435
538
347
397
351
496
429
481
395
366
425
246
353
439
303
518
463
397
298
345
244
333
373
374
457
385
303
372
497
366
456
299
368
361
460
413
352
329
397
370
311
404
288
264
347
355
293
306
378
585
437
521
286
404
295
364
505
315
368
333
312
499
416
527
487
364
346
198
381
363
375
318
437
312
229
337
403
491
357
388
341
327
355
427
449
531
262
444
318
462
295
469
384
402
267
334
362
339
429
277
505
338
414
378
309
294
324
287
247
344
307
428
373
344
343
383
447
400
373
355
422
284
424
326
355
372
619
239
407
476
227
277
330
262
388
405
328
441
319
443
378
545
410
451
293
513
408
312
310
330
371
396
514
382
493
439
399
320
516
195
292
362
387
219
175
380
394
451
392
346
359
254
331
442
279
422
420
386
413
383
324
264
517
431
406
309
353
523
608
281
283
420
284
419
367
473
305
393
482
440
352
393
359
417
533
365
424
305
319
386
506
319
313
400
319
352
362
403
377
389
443
538
442
304
399
442
265
458
466
414
343
250
430
300
267
355
370
490
410
379
443
439
312
441
361
448
547
389
449
315
368
374
398
386
363
347
407
502
412
302
553
434
374
328
334
481
253
318
420
285
295
374
401
326
391
364
426
406
357
405
340
276
281
342
402
457
403
243
415
329
560
366
378
449
370
358
395
383
377
422
511
403
371
311
521
356
444
356
356
293
293
368
502
371
452
364
402
503
539
394
436
479
371
439
415
363
366
413
354
586
326
319
356
414
345
327
415
316
271
276
570
381
268
392
331
460
330
321
402
323
349
343
361
285
369
261
425
271
516
444
482
391
395
370
287
307
356
463
560
397
419
400
366
338
284
461
349
365
262
513
327
411
485
309
281
441
344
383
415
417
356
493
264
435
334
320
367
408
295
363
345
369
328
469
345
392
520
283
547
250
332
400
352
467
259
352
386
399
333
424
344
429
407
426
393
274
473
294
478
394
377
335
383
339
429
300
384
397
458
424
333
521
376
293
257
431
481
482
276
337
319
481
476
336
385
391
403
437
296
298
400
374
309
455
300
482
322
347
366
346
233
370
291
264
404
349
353
599
417
334
372
330
474
496
346
302
326
447
552
341
538
342
424
295
266
417
250
414
383
241
477
272
374
417
348
345
458
464
497
266
231
280
492
334
376
293
374
301
334
408
374
523
533
248
461
397
303
205
325
274
338
452
274
294
308
357
400
377
276
460
439
326
299
454
338
372
330
442
376
378
379
386
359
387
394
328
273
506
397
365
404
320
563
366
280
380
402
288
444
437
321
370
370
218
415
347
460
345
348
255
324
431
404
422
334
448
332
251
324
410
353
478
367
434
384
409
384
360
394
342
516
370
375
369
300
419
300
223
517
340
430
344
352
326
410
408
307
478
383
389
387
486
477
304
303
444
368
312
392
231
468
279
418
474
351
335
321
298
308
277
408
318
333
453
431
329
256
284
383
533
316
420
341
286
326
403
308
469
410
290
524
353
365
382
241
348
402
450
326
396
378
457
441
371
305
409
514
421
417
329
421
419
261
333
364
308
303
390
355
279
215
283
347
337
405
521
419
408
298
242
565
518
207
312
397
370
397
288
380
428
421
441
350
371
293
334
424
433
426
482
165
331
418
427
348
429
324
311
363
387
336
317
591
448
302
322
353
311
324
500
273
299
434
352
299
398
279
512
527
450
525
440
345
273
366
351
404
351
498
265
324
467
350
467
372
383
371
428
334
427
369
315
498
437
336
442
302
241
252
475
343
381
331
414
435
357
368
326
433
285
319
443
457
397
458
377
440
452
323
330
479
314
363
368
349
342
342
415
414
518
422
359
353
448
366
320
266
437
439
519
383
346
530
314
305
328
358
330
320
292
442
588
295
302
462
469
469
342
385
244
475
392
238
445
433
462
389
268
298
368
363
485
268
412
312
459
422
361
348
367
432
377
361
517
499
313
374
279
228
441
406
449
437
315
377
520
427
262
462
574
336
424
385
494
400
294
350
366
331
258
487
463
386
429
455
374
400
573
426
416
312
266
432
473
310
488
402
476
282
521
387
410
393
292
338
266
350
379
380
285
526
243
357
347
385
531
325
326
368
448
236
303
360
369
328
323
316
440
348
314
356
349
390
363
379
367
540
418
454
469
340
278
483
497
364
306
437
261
460
416
313
453
279
313
297
423
592
346
289
266
353
328
349
386
331
385
454
574
373
434
339
415
463
246
290
359
501
382
297
339
338
384
316
385
414
354
288
461
477
173
358
312
405
540
381
356
397
305
276
298
449
317
345
345
369
336
420
377
482
457
360
312
396
430
424
574
329
323
407
435
341
456
342
543
365
378
446
384
418
317
359
370
287
502
437
272
377
528
352
449
266
271
518
260
368
409
332
458
464
351
388
300
351
332
428
277
339
478
385
215
349
319
342
360
321
345
455
434
502
436
324
451
390
456
299
337
323
379
409
421
323
442
464
362
288
429
474
468
538
297
359
260
374
443
543
431
404
339
370
359
463
408
355
400
334
326
343
280
454
460
305
350
245
332
348
237
429
390
437
390
323
271
453
251
314
508
354
429
368
412
447
387
420
413
419
497
429
405
395
286
272
299
297
352
262
432
373
314
440
397
336
320
456
468
303
316
468
465
276
274
324
433
500
470
466
381
405
327
257
500
485
405
557
433
268
376
434
310
379
455
277
457
281
382
425
323
294
375
309
253
435
335
519
412
304
254
338
514
342
271
333
370
380
409
350
286
347
224
430
287
468
324
295
332
424
346
328
466
286
467
360
476
423
333
425
402
420
321
513
278
452
448
536
330
328
371
353
273
462
330
355
327
418
263
293
358
381
318
430
324
389
414
472
431
471
487
393
318
388
397
433
471
377
374
454
524
328
340
365
425
342
429
287
404
450
353
385
336
396
425
361
365
386
398
477
417
379
475
363
389
265
456
443
319
268
418
413
462
356
292
356
399
472
269
348
447
491
365
349
341
253
266
297
413
390
369
281
325
512
380
536
208
266
377
237
293
278
556
330
413
501
426
359
399
493
321
311
330
325
406
388
390
451
484
354
472
527
262
297
319
421
431
298
362
364
445
414
542
305
361
366
321
369
390
247
403
412
399
310
387
410
357
217
389
379
428
367
265
331
526
389
266
319
378
517
405
283
279
329
417
400
351
359
302
336
343
283
433
490
405
501
371
235
335
376
416
216
478
416
339
520
353
363
484
372
362
233
382
454
325
469
374
465
466
269
333
430
441
316
390
265
312
379
325
403
290
339
356
364
365
308
365
376
351
268
416
303
469
512
317
452
420
315
426
349
286
272
238
520
296
316
443
597
366
523
326
451
299
318
335
424
431
453
334
309
381
330
336
406
403
427
512
305
516
227
325
218
528
429
388
423
290
473
456
281
315
513
606
341
363
399
450
337
347
475
268
403
363
369
359
382
407
283
411
467
451
326
318
319
279
360
342
433
365
309
326
556
302
373
301
468
369
270
380
349
602
451
338
304
366
472
420
397
355
480
477
408
328
398
252
461
326
340
365
301
301
295
345
319
344
469
418
317
415
391
371
469
364
393
379
429
329
395
407
421
390
339
407
254
273
287
443
489
317
385
373
332
276
410
416
377
324
466
256
374
397
423
280
461
382
399
334
228
449
278
371
340
296
412
338
275
312
205
304
447
327
293
351
359
378
416
529
504
533
419
368
392
332
548
401
373
528
466
309
381
531
358
394
241
314
280
550
552
475
338
406
423
327
419
333
411
298
274
435
394
333
400
516
368
363
260
292
437
320
347
349
311
392
331
454
445
382
332
345
427
458
423
323
435
509
191
352
323
682
419
436
215
410
363
301
376
437
361
382
301
341
492
301
354
341
324
434
251
342
410
305
501
438
373
307
387
370
329
383
399
404
479
289
473
339
384
412
460
439
368
368
367
337
376
420
557
530
405
291
430
271
303
374
288
405
318
290
245
273
475
367
288
224
398
501
368
400
371
390
427
327
296
245
400
378
344
373
346
330
552
387
357
396
400
415
233
301
324
274
293
385
401
441
240
240
410
387
359
292
349
320
267
285
223
367
252
480
445
226
406
396
348
393
342
335
475
576
309
343
215
322
294
272
343
319
372
427
323
291
413
323
428
451
311
471
330
459
374
311
471
499
407
297
360
543
361
384
250
381
453
488
453
407
284
428
339
372
409
275
484
342
643
408
400
263
397
282
304
428
459
367
371
347
422
467
769
418
318
480
301
473
518
259
389
401
458
434
360
477
336
369
466
489
326
418
328
380
425
362
325
524
417
305
441
414
368
310
391
432
410
427
421
466
293
398
277
344
541
404
280
349
329
347
391
461
319
304
314
260
323
429
487
264
507
418
293
384
299
353
321
232
447
367
508
352
271
368
347
447
393
491
559
387
435
386
396
242
481
311
377
414
331
381
371
389
465
445
332
368
329
588
323
496
389
334
492
300
325
368
344
306
412
369
505
297
296
420
362
265
346
342
327
353
388
401
385
299
315
271
397
440
378
189
277
342
304
348
304
345
366
420
361
237
414
461
425
365
323
367
427
406
488
438
463
439
229
178
510
356
345
316
324
378
277
329
525
399
399
350
440
347
349
457
304
347
432
295
452
500
345
357
422
498
338
451
284
378
359
365
247
444
394
433
378
283
416
402
340
319
317
359
343
396
366
407
502
280
577
429
563
452
400
493
317
494
299
409
331
377
500
306
279
257
273
277
312
380
291
392
315
472
372
272
351
369
374
312
375
392
435
377
449
283
363
327
503
374
367
385
395
364
482
356
425
328
341
433
394
352
283
435
508
371
327
419
334
469
340
479
302
392
397
415
323
454
383
376
338
344
473
433
335
378
316
273
425
300
415
392
405
216
341
261
375
316
382
348
419
368
347
330
346
347
257
408
418
350
314
145
309
266
598
364
394
294
384
506
373
495
390
416
429
450
292
414
347
381
415
420
362
369
507
194
411
320
253
337
404
422
389
398
412
435
424
328
426
342
357
364
483
344
472
273
278
457
376
539
428
323
391
471
503
471
306
269
337
347
333
370
422
383
612
377
373
457
365
412
259
283
356
333
433
427
269
255
316
411
384
318
408
422
405
470
448
583
344
346
423
341
517
374
416
450
477
368
526
295
289
387
411
470
384
412
342
295
459
358
429
343
462
336
447
429
509
292
344
340
371
337
369
339
234
431
363
347
358
270
317
304
465
375
512
331
443
364
265
243
399
643
504
487
410
399
398
269
321
346
321
449
487
467
331
302
315
392
400
416
418
434
372
572
253
247
387
442
265
502
350
506
360
363
502
404
381
361
463
320
444
424
385
334
268
262
472
382
302
444
282
306
406
296
426
332
427
264
390
366
479
322
302
457
422
310
430
472
335
260
439
384
423
375
359
424
360
497
311
326
289
431
410
379
491
348
269
383
419
368
268
417
413
369
376
357
335
382
499
499
375
365
305
300
498
353
430
291
263
398
336
296
416
256
405
395
423
421
294
305
366
446
500
352
226
321
556
376
484
465
280
472
427
439
385
301
344
388
581
301
369
329
417
252
414
338
272
402
418
368
415
340
371
256
466
362
413
356
320
437
371
408
205
422
291
363
448
310
327
399
313
342
411
451
393
493
342
544
488
301
374
492
319
379
312
440
312
210
327
312
473
459
379
305
564
382
468
249
323
395
276
249
384
438
462
281
438
266
419
355
368
359
325
513
421
292
210
507
389
400
375
351
541
359
240
404
393
373
463
421
375
368
389
333
358
380
534
466
411
370
260
408
374
400
254
511
398
413
472
372
393
513
411
388
402
345
328
399
452
419
424
383
527
404
497
425
267
457
487
164
317
297
497
285
361
463
359
423
387
345
370
341
426
368
308
429
419
390
324
621
273
373
466
468
340
311
481
265
435
402
414
403
496
266
349
542
439
348
501
372
302
287
231
396
347
429
595
353
392
512
387
356
335
431
512
235
332
344
325
221
348
443
378
358
359
309
410
283
455
415
394
408
395
447
271
363
505
318
390
316
566
342
325
392
336
309
541
442
429
290
505
517
199
357
487
469
317
333
269
281
317
359
225
389
574
474
355
305
482
618
443
239
401
418
415
305
408
404
434
419
361
379
500
383
522
355
497
342
500
404
482
514
269
439
355
408
459
364
381
443
446
380
492
322
403
452
283
433
377
350
438
446
289
377
220
320
523
422
311
340
309
396
339
591
437
343
482
384
281
228
427
386
500
378
481
405
454
290
259
216
318
357
359
466
456
304
443
295
479
334
437
352
446
295
418
329
344
304
361
309
492
382
325
399
351
260
324
344
404
270
379
337
288
487
376
531
447
369
238
352
230
311
442
449
377
400
376
460
465
423
474
335
360
319
432
390
312
481
363
438
442
303
288
333
334
361
419
204
371
289
436
447
385
382
385
396
366
193
295
291
423
336
299
318
276
231
322
364
417
365
365
388
433
411
313
352
522
431
334
324
298
387
340
392
403
237
395
283
396
467
411
347
335
296
371
303
402
562
397
337
244
402
411
486
321
372
391
413
471
385
321
353
336
430
385
370
376
323
450
267
290
460
519
258
479
457
395
458
328
460
515
460
408
350
488
321
559
311
356
376
290
449
386
403
384
290
363
396
254
271
308
365
422
330
472
433
378
296
346
459
392
412
449
434
296
351
505
432
514
495
365
493
448
375
430
337
343
426
464
428
530
320
373
281
428
318
332
394
272
313
426
426
350
375
331
410
227
319
389
349
373
424
424
402
426
485
358
407
253
340
434
323
349
370
350
234
339
287
289
339
444
356
370
285
274
398
329
295
348
463
272
599
356
328
436
342
465
448
449
463
514
302
439
371
373
395
468
273
283
408
505
265
513
387
461
268
368
438
382
351
308
366
455
357
435
355
506
232
466
410
513
377
344
305
338
267
372
272
369
393
262
410
537
255
379
380
365
410
341
436
416
469
266
329
419
363
427
319
284
384
348
503
391
390
430
506
364
366
327
242
396
316
419
371
381
361
439
269
308
347
494
377
299
355
478
259
415
378
457
302
432
280
366
315
424
254
421
251
494
342
481
368
303
388
349
410
339
257
595
248
349
659
355
307
303
319
345
426
434
568
335
402
413
351
441
269
302
350
211
586
294
354
496
534
367
371
345
342
421
423
339
444
400
367
367
324
183
420
315
504
260
501
447
392
350
386
362
356
423
396
470
350
353
383
377
312
295
308
464
335
365
428
350
387
300
364
434
404
389
385
336
274
262
365
386
468
379
526
232
316
492
321
410
300
338
425
428
347
384
324
348
344
413
448
446
414
485
374
235
403
299
408
441
404
274
287
450
264
453
500
476
393
392
347
439
324
402
354
297
365
372
286
280
362
369
536
268
367
282
406
374
316
301
331
211
342
585
494
290
401
353
198
548
393
292
475
573
348
406
467
333
293
286
503
358
280
434
330
330
366
393
312
402
246
359
307
214
346
290
324
341
264
371
422
377
419
361
343
405
313
417
396
507
395
324
357
429
417
285
315
403
326
436
467
746
452
483
416
252
337
415
434
326
305
456
386
304
473
288
373
304
306
330
401
329
332
310
448
254
572
397
455
330
391
357
341
245
391
171
427
408
359
468
263
231
403
417
380
472
302
365
247
389
458
246
277
272
350
244
438
484
302
264
306
287
318
363
386
263
411
388
343
402
462
562
278
596
335
418
229
447
414
418
306
448
556
322
223
481
300
241
369
372
288
323
305
389
364
257
309
263
452
604
360
331
287
441
447
423
335
366
377
488
232
338
268
366
324
270
464
408
358
429
466
310
384
288
397
436
279
337
453
423
308
463
301
450
297
372
364
341
460
434
293
298
426
298
397
344
202
330
508
525
436
327
342
466
295
425
263
360
281
405
273
333
435
314
472
367
385
228
474
486
441
451
333
248
311
487
407
447
302
326
460
308
261
386
316
272
280
339
466
341
305
421
394
397
426
323
418
421
340
242
396
392
231
431
468
347
341
305
351
388
363
349
381
397
323
264
319
341
518
381
515
422
420
366
524
313
368
489
482
343
579
423
387
240
335
383
383
352
420
364
346
238
382
394
309
322
484
480
461
467
413
314
394
428
357
471
439
494
481
384
384
462
272
517
367
434
345
393
317
325
408
314
347
504
269
467
500
309
403
381
434
289
478
399
359
301
379
315
503
343
464
500
288
328
472
426
435
344
391
411
269
320
327
390
317
477
483
307
659
277
255
432
454
262
569
301
335
266
313
376
494
419
337
427
332
529
410
430
391
299
529
409
324
316
359
395
360
343
343
417
393
348
532
467
294
322
310
278
339
387
354
336
364
306
296
343
236
335
448
319
310
348
307
322
303
406
325
355
432
363
466
343
179
338
334
263
502
413
434
362
534
419
315
349
269
291
340
472
350
371
330
391
538
293
220
388
395
550
469
317
372
319
478
299
384
371
437
518
468
369
473
409
315
278
402
513
349
464
566
456
244
183
217
451
271
185
372
330
425
399
337
423
331
481
536
458
328
398
539
337
327
447
480
430
447
382
414
498
337
303
409
443
438
487
274
278
353
534
406
321
367
334
446
391
295
418
297
355
304
419
305
346
362
384
323
417
320
326
246
414
187
289
509
366
295
292
324
422
549
504
400
389
427
354
249
411
381
343
396
488
348
324
376
462
387
375
415
385
290
422
367
349
412
317
326
384
359
521
308
312
288
334
385
412
197
385
371
446
398
490
435
354
409
318
212
264
306
532
366
284
390
402
270
429
384
396
442
562
379
447
365
484
380
405
432
424
372
309
281
417
272
522
435
343
375
375
391
436
282
470
236
238
324
309
323
459
340
389
448
434
469
395
346
374
355
379
517
425
426
272
369
387
395
384
264
349
460
296
303
313
414
409
534
468
345
333
365
544
256
284
365
371
495
352
329
379
386
232
286
504
327
335
355
398
326
290
372
230
422
328
259
405
540
365
335
452
356
377
398
487
530
456
393
383
339
357
418
392
320
344
337
473
325
457
274
294
445
340
381
431
306
310
438
386
446
390
347
309
451
457
403
347
503
469
509
320
218
329
352
387
381
261
421
390
585
407
382
374
266
452
314
584
440
360
