373
269
348
287
475
461
350
313
415
470
307
316
383
419
358
373
367
270
359
459
378
191
344
404
454
452
348
303
449
322
423
348
389
376
267
211
317
332
544
360
308
308
353
354
373
469
376
427
442
446
369
344
297
375
399
509
262
361
383
343
358
443
462
344
320
254
382
349
266
524
338
335
358
453
295
313
294
408
452
438
428
317
602
295
326
455
481
314
375
438
330
367
458
391
310
368
251
388
327
405
372
303
346
318
235
334
422
342
372
329
336
471
394
370
420
465
271
450
463
269
343
357
349
538
447
376
331
371
497
344
428
424
314
344
344
467
411
291
284
314
294
473
484
244
244
232
450
308
532
286
390
327
418
359
297
332
396
354
345
252
354
311
354
420
310
481
274
474
380
306
431
209
388
383
296
375
459
400
362
347
514
306
330
229
441
392
296
412
419
406
344
366
410
232
362
335
300
393
349
364
294
429
304
326
468
345
417
380
274
272
418
466
266
402
534
366
372
316
374
419
361
409
412
453
334
422
485
337
448
321
305
332
323
587
356
335
494
477
439
404
574
312
342
289
355
301
464
391
338
382
414
341
558
343
309
236
315
506
315
275
240
393
448
366
486
477
476
549
342
249
442
451
457
264
361
261
286
414
431
518
358
409
409
288
365
330
378
310
425
518
483
285
297
479
396
352
379
433
360
307
354
371
423
273
267
289
367
351
453
238
417
464
392
273
398
364
347
373
385
195
491
353
399
298
275
275
438
327
465
303
335
345
258
282
447
332
297
332
312
453
398
263
366
332
277
370
419
411
488
307
447
263
396
302
297
414
320
317
335
375
356
411
342
318
413
402
239
367
391
432
288
296
400
288
470
592
400
424
372
450
380
368
369
346
415
322
339
233
398
378
396
334
325
400
541
340
450
381
489
274
273
427
373
349
240
348
409
383
269
353
366
423
453
466
443
286
442
236
427
324
385
243
231
561
216
349
247
245
474
263
452
477
348
522
293
194
268
335
388
392
441
353
485
386
439
314
416
308
401
386
206
329
303
433
430
378
213
507
314
358
595
358
249
485
610
255
376
363
403
331
235
397
401
422
231
319
359
447
333
254
366
219
315
428
351
443
243
419
480
343
451
473
439
374
437
286
455
293
280
422
390
500
548
329
341
489
347
233
457
380
263
505
566
447
430
351
341
548
416
353
420
396
381
270
448
190
357
312
276
359
466
448
421
380
409
320
250
230
371
485
336
329
224
380
433
378
361
420
373
220
312
393
358
294
255
421
288
384
268
364
250
362
279
250
359
413
441
156
371
367
501
411
473
620
213
372
499
327
447
378
389
259
362
407
333
314
454
616
293
331
299
404
184
493
437
405
580
312
292
342
210
250
367
292
396
329
335
442
324
304
342
316
427
247
474
296
421
328
473
368
293
355
443
433
493
477
419
402
318
309
372
279
455
285
370
445
368
234
447
387
507
393
278
372
394
350
446
435
470
337
202
388
303
398
365
399
334
401
379
356
414
296
351
406
430
225
344
345
429
509
335
348
308
340
286
310
410
313
485
258
381
221
299
196
353
350
431
381
434
356
303
365
360
434
285
289
394
372
318
293
538
332
259
342
313
285
244
392
416
161
407
411
387
476
210
382
406
265
323
373
308
310
327
512
350
268
452
376
389
290
330
368
333
358
282
302
399
378
331
306
368
142
449
319
286
257
314
533
402
384
394
363
470
384
308
417
380
566
312
339
437
370
319
418
400
342
461
365
426
382
528
300
534
404
365
276
495
446
303
379
576
338
396
308
434
321
297
475
251
354
285
346
343
293
400
351
299
259
228
357
383
367
339
396
479
363
326
278
341
354
497
408
362
344
435
428
373
340
316
339
339
314
564
311
418
480
458
340
386
408
364
343
350
447
462
486
276
288
331
340
339
554
369
354
273
522
301
279
474
313
398
400
423
293
346
374
349
288
315
379
429
331
266
612
449
418
329
369
420
461
399
377
452
316
306
421
354
227
264
416
240
356
444
358
367
243
421
306
411
347
305
380
446
295
319
342
509
173
380
435
456
514
274
488
294
347
366
360
348
234
285
277
454
355
205
458
411
272
346
346
435
285
473
313
290
233
329
421
462
304
457
359
365
259
333
302
203
489
523
303
371
260
308
338
215
268
334
428
363
427
282
592
388
434
551
436
264
292
413
321
447
381
270
364
271
534
393
406
305
386
288
410
455
330
436
278
275
336
384
361
324
416
352
435
247
562
388
430
383
263
362
366
376
425
457
415
409
410
385
397
471
357
337
360
331
328
270
427
234
487
288
293
454
472
233
373
491
328
310
463
470
254
472
311
473
442
408
296
235
306
367
482
343
187
377
436
382
415
441
329
323
394
269
392
244
329
346
354
478
493
235
339
291
246
440
427
368
243
502
519
224
364
337
504
373
364
418
390
369
304
286
370
297
380
271
331
279
265
428
387
479
381
439
313
567
350
295
451
483
526
464
336
327
316
309
333
399
352
419
234
316
337
414
402
288
233
306
513
366
377
322
350
292
220
366
307
363
337
255
428
293
235
404
400
414
231
390
429
394
353
389
346
300
307
412
270
451
584
577
358
435
318
266
501
464
320
387
350
442
477
452
376
454
361
510
444
262
314
467
285
325
314
517
264
379
342
409
541
380
352
358
280
403
362
272
403
372
349
342
303
330
298
535
334
297
257
318
428
360
285
330
397
514
399
387
400
320
377
252
406
373
281
334
379
265
465
337
304
388
328
315
341
634
288
338
522
322
305
340
531
313
355
379
193
307
329
505
283
374
323
340
535
477
509
348
355
377
441
352
228
492
393
438
372
306
380
476
451
431
324
333
341
455
337
471
508
215
337
331
403
262
398
401
428
350
462
325
442
269
320
341
282
332
322
472
280
344
355
288
242
317
312
288
293
356
325
334
338
297
333
307
307
365
419
459
366
586
315
470
409
522
386
377
401
386
615
332
342
353
374
507
433
372
312
318
454
346
234
438
371
539
198
424
229
437
336
341
281
427
373
336
299
313
418
271
300
423
375
247
312
435
299
328
352
304
366
372
430
301
367
174
367
431
402
300
425
479
320
403
492
447
414
287
297
329
326
416
317
359
561
518
471
570
405
350
359
281
386
342
475
281
338
376
290
396
410
364
413
380
463
306
319
383
380
514
445
277
382
427
486
441
468
303
361
382
259
180
365
367
317
301
485
323
442
368
281
343
304
381
477
370
409
461
328
317
476
353
254
327
364
364
325
386
503
344
518
369
333
291
271
509
380
504
219
396
508
475
383
370
398
305
216
398
472
380
519
407
255
431
351
239
300
372
355
568
331
452
522
407
239
343
496
422
431
357
363
385
408
469
411
326
323
320
416
192
426
323
271
215
395
358
326
324
434
305
383
371
302
436
332
457
234
359
255
332
437
354
317
408
400
456
378
362
343
341
323
441
291
371
416
513
313
350
417
497
230
238
301
336
393
324
548
284
311
299
474
348
370
363
439
379
513
342
303
369
435
487
291
270
325
341
563
259
202
393
421
443
328
393
318
326
449
531
369
298
390
440
338
372
402
350
435
217
178
455
415
381
324
319
377
368
318
342
406
351
388
372
414
475
377
395
351
414
426
395
465
365
439
298
244
381
416
327
490
376
306
312
252
473
376
435
311
304
282
360
344
389
313
386
243
392
226
294
351
414
274
423
377
348
397
349
481
316
361
431
357
486
308
425
233
248
288
494
345
284
349
274
253
410
411
393
338
346
296
392
390
368
430
342
366
336
332
376
370
358
364
344
345
418
451
475
459
406
342
433
276
362
363
358
291
301
306
238
318
431
289
195
373
322
372
452
376
353
400
311
323
484
409
345
336
411
389
428
261
277
310
262
468
377
349
369
465
283
367
320
287
419
408
349
378
472
396
416
275
324
405
373
346
374
219
303
322
364
460
296
328
315
273
467
372
295
416
313
399
380
308
348
417
407
409
305
487
358
330
362
283
471
585
269
455
316
516
355
335
523
443
365
484
444
444
344
300
362
432
388
323
327
481
546
309
339
435
637
434
339
364
536
450
340
355
377
235
536
457
351
303
327
423
328
455
455
579
313
241
318
283
298
318
371
357
425
437
379
333
440
443
275
424
432
430
496
276
301
383
291
345
398
353
326
369
289
286
404
299
371
538
307
482
422
423
502
297
343
496
307
537
312
337
320
330
257
402
360
354
226
464
301
448
455
317
368
306
323
327
456
375
323
382
316
382
339
372
371
539
345
366
479
387
352
421
394
544
368
412
363
317
419
378
298
418
260
431
268
424
359
268
308
327
547
291
420
490
396
402
271
445
238
568
405
319
222
414
452
361
325
273
361
393
210
379
399
393
393
359
289
389
330
503
489
257
336
271
506
458
437
285
444
273
356
386
386
352
543
562
186
492
522
479
296
470
407
353
309
298
348
488
464
465
171
460
358
280
194
320
276
263
357
202
413
667
306
361
274
383
448
349
436
401
356
479
442
280
491
557
334
524
394
375
378
428
307
286
250
377
400
406
583
387
445
410
385
452
483
261
298
422
465
331
310
306
340
407
256
299
543
293
258
388
427
477
399
497
302
355
285
249
321
409
441
370
454
264
309
246
299
390
442
516
549
271
345
446
240
315
366
365
235
306
331
414
369
440
438
390
297
263
497
420
321
303
412
343
493
434
387
399
374
373
424
376
373
269
310
458
384
369
346
399
341
486
254
396
433
236
330
468
306
371
505
318
411
546
205
415
320
472
546
344
562
347
369
430
457
458
213
416
508
365
387
324
453
290
359
406
311
224
195
407
353
365
398
319
353
375
234
296
376
462
369
473
388
394
309
302
335
385
324
377
474
274
434
460
345
304
457
384
378
357
480
280
523
317
480
309
284
291
378
345
351
365
390
325
349
243
454
305
372
421
412
268
374
371
394
254
314
411
362
290
232
308
256
325
422
368
416
378
379
374
376
394
441
336
471
489
315
257
313
490
378
493
257
267
366
413
335
337
452
278
314
314
381
470
384
369
283
465
259
381
313
271
326
380
416
357
519
398
393
311
541
585
286
405
350
285
253
595
407
330
358
194
395
365
305
314
359
464
565
403
398
159
574
410
302
267
427
291
453
354
364
282
512
364
359
335
355
443
275
333
322
457
431
474
240
373
402
261
231
422
369
412
389
365
280
240
332
348
322
436
348
292
539
434
269
362
364
397
339
394
465
503
240
497
308
332
322
326
365
377
391
335
304
454
310
297
346
378
350
458
342
406
316
265
438
358
299
367
391
614
406
399
426
304
309
443
287
355
323
403
534
248
383
374
411
408
303
421
502
314
349
316
393
367
579
304
475
298
337
374
301
311
492
255
342
386
419
320
369
421
644
418
360
449
313
452
202
493
423
262
555
484
526
282
459
527
420
391
500
302
312
390
406
422
474
524
374
345
359
357
531
335
494
421
341
493
310
454
335
381
304
348
493
247
352
323
320
507
361
203
162
327
520
373
377
388
405
443
470
436
329
322
458
384
455
375
317
414
265
287
403
436
410
212
307
447
298
565
305
542
504
285
464
303
514
362
503
370
315
316
425
372
400
240
401
246
252
412
317
367
484
343
564
355
409
282
511
291
414
423
433
430
419
349
364
354
379
417
451
426
303
291
400
369
350
420
487
514
301
303
171
387
306
509
401
264
329
364
309
230
318
356
444
503
405
324
257
437
396
448
324
336
363
343
274
467
456
457
487
290
392
379
293
356
393
201
341
395
372
350
279
186
420
292
385
234
368
501
393
369
435
385
396
329
379
258
487
203
326
354
379
470
409
358
473
323
443
299
401
476
585
247
416
274
369
371
444
334
371
350
307
254
307
365
453
351
291
417
338
445
251
204
543
287
270
422
332
475
440
295
376
461
512
316
407
358
504
342
496
438
268
195
342
430
303
356
341
328
460
567
313
344
190
343
264
344
414
390
352
324
515
469
351
298
281
317
488
420
452
464
326
397
394
463
407
408
356
296
521
701
444
352
398
412
331
354
432
344
430
440
385
380
334
438
357
440
391
224
338
356
370
400
376
315
494
447
406
295
322
348
282
416
424
460
297
345
396
354
344
235
395
535
457
497
309
228
320
364
457
311
397
268
365
404
352
409
265
508
272
283
404
373
410
374
261
433
174
303
311
432
442
428
321
465
240
312
244
447
323
359
296
228
315
273
399
401
235
267
352
416
280
306
512
449
340
419
390
210
403
652
360
263
294
500
309
496
287
468
312
448
367
334
455
183
329
562
275
254
322
270
449
370
289
375
400
363
544
501
475
463
334
277
273
299
387
521
245
383
409
406
494
439
450
257
437
191
489
275
411
315
301
310
276
368
618
281
377
218
428
359
378
327
396
359
537
436
420
291
329
295
302
247
340
518
462
361
329
373
385
313
338
413
429
369
431
316
352
468
367
315
334
334
362
422
295
329
336
308
326
422
354
482
265
290
332
441
535
443
527
255
482
362
427
398
307
325
414
410
342
462
457
264
227
365
482
275
321
280
342
396
302
337
303
304
320
432
391
429
437
379
328
429
410
356
334
289
479
307
404
421
392
281
309
489
381
260
421
437
358
440
383
381
355
279
236
526
420
435
423
422
294
263
292
255
472
527
392
393
221
221
362
249
308
488
412
285
530
310
426
292
431
478
333
357
470
397
482
358
427
353
391
426
337
325
295
406
363
403
275
313
306
385
389
401
326
580
304
309
353
322
220
478
317
254
238
468
363
369
268
393
564
410
401
405
339
373
366
255
416
483
258
399
362
262
262
283
399
324
333
368
276
466
538
267
232
357
404
352
387
510
322
355
233
404
322
399
230
333
382
357
371
374
293
270
236
445
306
384
461
291
303
375
377
400
297
382
408
329
215
395
328
474
267
412
309
423
321
381
424
378
438
303
450
289
437
360
440
318
536
413
297
470
398
346
239
483
469
413
470
369
454
291
390
648
427
560
305
478
387
366
329
344
439
229
361
309
314
541
456
393
427
396
430
423
335
421
426
381
264
423
386
292
346
331
309
334
498
628
365
362
354
372
439
301
324
265
301
274
318
353
456
280
311
299
343
512
316
231
270
448
266
381
374
339
378
438
325
477
460
345
482
500
345
387
284
557
521
329
318
441
423
365
450
441
413
432
428
341
246
359
383
439
366
290
300
369
273
326
371
406
373
529
488
375
335
442
520
479
425
342
465
314
451
335
289
301
200
393
525
459
304
458
504
277
396
300
305
312
262
344
291
398
293
534
291
312
270
303
218
429
297
169
352
406
340
384
349
362
445
369
322
281
311
271
441
438
295
365
473
450
447
369
433
382
303
438
334
428
306
405
434
376
323
320
402
325
346
417
282
409
322
360
339
412
298
393
381
334
478
420
365
410
276
466
368
297
383
376
507
501
309
417
292
374
410
353
361
343
307
429
432
349
287
294
299
544
294
451
436
398
528
286
321
373
339
385
300
209
377
350
413
407
342
327
271
420
544
300
483
411
372
416
321
252
342
333
315
292
379
212
308
302
320
321
342
439
386
517
323
328
367
364
431
404
276
212
394
182
425
292
242
358
313
272
404
293
225
448
299
174
404
247
357
392
320
384
222
273
332
276
292
295
435
362
370
307
279
170
316
486
391
255
245
355
414
442
394
297
286
364
262
330
246
228
376
415
455
395
382
399
374
474
325
380
503
266
352
457
407
448
439
383
460
240
292
419
199
458
404
365
491
356
322
227
351
398
437
466
317
353
404
293
319
352
346
337
305
486
413
306
387
332
422
384
303
452
456
298
286
357
456
438
490
336
295
339
458
302
280
308
450
361
290
491
508
507
392
242
343
246
173
246
259
463
514
400
293
179
385
409
365
295
387
342
324
425
397
509
222
551
397
264
341
350
369
349
275
311
363
303
298
254
433
343
347
373
571
236
502
476
354
389
390
310
319
447
439
434
369
450
341
281
285
335
302
413
308
507
461
324
380
407
333
300
324
497
377
319
420
260
433
360
368
247
467
393
346
354
259
367
374
294
402
442
332
349
353
384
400
334
286
182
305
322
340
512
468
223
426
335
365
462
434
420
315
266
223
482
346
359
393
318
419
407
424
479
277
436
440
373
366
406
352
334
362
487
434
540
317
231
283
298
499
269
402
362
267
176
377
191
312
196
437
325
497
355
469
375
292
388
312
597
198
467
351
445
386
419
363
365
422
318
483
380
421
336
389
286
332
397
351
253
359
367
379
430
300
469
415
279
120
360
371
335
433
336
323
365
325
478
359
496
313
326
430
212
303
247
290
435
375
265
414
312
333
247
341
484
287
304
449
456
346
407
335
350
430
314
311
379
343
429
288
482
467
409
404
366
356
365
436
436
239
438
320
299
428
236
366
381
346
281
420
349
340
306
445
374
284
325
284
449
400
286
379
434
201
402
307
296
497
404
338
325
376
376
485
292
379
325
419
391
424
425
374
476
311
397
299
414
396
322
317
427
299
344
405
319
266
307
424
395
303
278
406
325
390
320
353
177
437
397
231
363
352
413
404
460
295
463
363
319
411
336
314
332
399
414
337
286
304
333
281
435
363
326
508
454
266
368
327
336
530
463
422
328
350
281
328
372
388
443
283
269
307
313
298
329
414
401
522
400
343
409
394
353
307
397
362
431
338
329
334
301
268
273
349
400
567
329
317
333
516
324
316
270
353
280
333
381
490
269
436
290
370
520
288
246
466
547
323
264
350
506
335
398
433
401
439
413
281
371
532
278
362
356
324
230
308
463
350
397
322
303
507
377
348
344
635
354
219
342
301
274
376
372
400
279
371
273
398
382
360
403
463
380
400
493
398
417
344
347
322
408
204
477
508
320
443
303
301
208
412
439
446
317
428
457
567
479
381
377
378
459
281
408
417
389
262
374
323
275
396
489
333
309
368
456
288
415
458
304
253
356
431
286
454
320
373
321
213
418
358
287
400
236
438
377
362
362
458
448
401
376
392
316
371
414
626
180
345
313
270
391
349
203
485
374
347
304
429
440
357
396
424
531
395
302
487
449
430
348
239
314
387
232
336
283
208
380
370
405
335
391
234
314
358
330
341
464
252
361
244
315
164
202
445
466
228
509
381
424
529
372
420
442
396
448
323
333
305
329
517
301
376
307
316
387
470
311
420
329
368
449
340
405
282
343
460
481
223
269
363
350
354
278
424
310
419
354
466
354
348
413
287
388
394
474
378
433
259
350
452
336
312
368
327
401
202
222
237
362
375
554
361
563
390
311
467
289
349
359
281
307
446
393
308
272
260
250
371
355
374
395
315
421
500
440
331
213
335
412
341
266
422
327
363
273
284
294
414
322
343
399
399
407
273
472
363
433
503
610
424
339
349
450
405
331
389
363
495
212
294
355
327
249
309
397
303
320
249
486
368
488
447
268
426
317
381
466
446
413
229
417
354
343
467
301
446
410
233
420
344
288
380
348
265
294
430
175
305
427
389
347
399
319
291
406
363
414
228
281
313
386
340
352
252
350
375
486
428
313
313
531
306
481
325
352
281
277
415
378
420
360
431
436
561
461
462
291
245
493
305
405
414
379
489
492
412
396
417
193
347
362
396
351
414
487
263
379
490
298
318
400
287
319
282
340
414
272
293
300
303
372
395
467
519
321
283
314
246
289
470
223
392
393
508
346
424
365
353
407
399
362
354
311
309
418
455
230
389
290
421
329
270
250
326
274
583
331
422
501
326
363
234
346
405
442
268
481
306
471
536
309
457
467
322
315
227
357
251
428
399
399
380
434
441
288
318
423
228
349
320
378
308
357
385
373
240
567
348
302
415
401
293
206
380
308
337
411
368
381
459
274
247
373
427
371
322
327
385
307
264
333
433
341
356
459
374
557
447
387
475
460
353
407
317
364
293
254
339
404
394
402
470
371
440
252
374
304
496
372
384
262
369
319
339
274
323
385
301
333
433
286
442
429
381
403
408
326
387
284
430
268
341
333
416
380
511
332
262
261
284
313
445
402
401
308
431
372
369
449
378
490
337
242
404
463
346
443
231
296
357
396
324
398
427
436
327
353
450
570
408
275
401
477
424
330
287
368
432
429
286
388
366
349
285
323
333
369
413
442
464
409
330
371
595
397
392
403
486
279
294
401
331
325
486
217
421
315
418
347
551
400
312
466
297
404
552
386
306
399
528
335
539
486
365
229
399
318
344
346
516
454
380
353
167
306
261
431
358
328
258
321
332
369
422
446
248
326
283
478
446
439
335
409
224
289
287
329
419
333
460
532
211
420
359
561
268
449
362
283
349
303
209
451
398
384
605
411
248
482
385
303
342
258
315
347
446
294
487
318
226
348
360
463
286
343
347
328
575
371
448
416
462
351
383
442
388
306
279
395
453
291
262
311
270
289
296
404
460
331
361
342
386
401
354
420
306
342
207
293
437
313
392
392
384
397
384
489
333
402
431
310
543
492
352
477
336
476
322
399
416
249
410
408
354
375
377
371
251
307
366
285
414
333
290
248
308
467
281
361
479
328
370
382
404
375
664
501
303
319
364
329
403
365
325
228
333
395
405
317
285
507
356
184
321
413
297
468
322
437
211
465
488
481
441
526
326
339
499
336
372
224
385
481
142
266
461
265
187
311
407
422
312
427
244
464
286
353
375
323
413
318
368
312
522
376
375
274
298
494
384
430
329
383
446
222
447
280
406
368
365
391
360
472
428
133
390
514
409
456
417
186
392
339
445
263
285
364
296
259
235
349
430
363
325
289
270
253
365
366
321
314
412
470
435
451
349
301
288
313
401
438
287
367
522
334
312
462
532
330
435
326
385
472
385
285
369
241
542
264
238
444
367
247
262
446
389
391
389
481
407
336
425
384
349
383
370
230
363
365
427
369
278
657
361
488
491
370
346
282
511
288
374
280
271
376
504
382
415
390
263
354
387
456
400
312
363
364
427
448
460
332
377
370
442
398
314
481
373
295
272
378
412
406
431
422
464
232
342
257
208
409
363
421
366
411
434
330
246
381
357
462
401
323
372
306
451
443
339
490
370
297
375
383
289
370
457
434
275
410
336
414
407
429
328
368
417
247
349
318
417
405
355
269
308
365
346
207
485
423
244
246
457
466
480
356
215
380
388
306
380
518
319
504
250
304
580
495
322
430
349
304
359
250
306
348
382
355
310
510
343
230
262
316
433
380
376
395
439
467
515
361
469
332
364
389
391
200
378
286
419
252
471
220
319
274
398
283
382
373
336
461
309
472
405
425
431
263
335
370
337
346
392
236
383
301
440
397
369
285
657
428
391
453
321
314
268
377
318
361
233
394
338
394
379
289
475
312
340
377
423
255
377
483
237
329
374
291
401
347
294
504
351
274
391
229
452
302
284
375
548
536
349
273
306
352
330
324
351
386
276
457
312
336
614
390
568
342
494
376
297
336
385
270
341
259
435
315
399
376
283
367
508
350
268
456
352
457
352
452
281
362
289
357
457
423
248
327
358
428
347
397
339
362
384
388
257
346
387
381
425
414
333
458
407
496
432
365
273
545
282
249
388
338
403
395
435
306
347
506
365
330
434
473
421
421
283
395
379
348
389
315
265
361
357
430
407
354
492
399
387
271
296
444
274
411
440
400
401
381
261
253
348
469
353
397
330
453
291
373
580
270
335
374
256
345
417
397
401
366
429
349
334
276
467
424
453
238
451
393
320
386
244
203
490
298
435
456
354
222
345
402
389
335
276
428
324
316
357
264
286
334
447
328
440
371
403
290
253
251
367
405
286
446
340
391
374
325
343
313
272
575
363
344
313
437
446
312
532
446
329
388
479
379
309
261
273
259
349
400
428
408
377
363
562
359
366
331
403
297
195
311
344
387
384
250
281
385
296
272
355
428
352
233
416
423
381
390
487
405
338
360
355
350
439
373
359
402
441
272
306
402
561
317
389
367
329
385
338
468
340
258
374
337
421
450
362
322
453
398
276
377
279
307
441
440
399
499
284
403
447
417
429
480
412
443
347
344
362
452
513
434
333
339
270
314
545
321
274
271
208
402
237
439
279
380
392
224
369
204
338
306
210
369
387
264
434
345
356
418
338
323
265
245
314
334
170
334
231
253
294
392
214
307
239
303
483
293
374
263
259
319
397
364
270
509
360
499
291
369
333
449
372
420
340
247
398
372
346
428
335
455
322
320
432
404
602
492
343
269
307
346
496
417
265
309
581
341
358
290
443
308
430
295
449
441
414
319
387
333
329
253
213
256
457
377
469
414
367
485
440
342
463
322
330
417
276
383
266
414
327
382
456
336
387
381
361
373
289
342
189
454
477
245
355
253
369
268
285
297
228
279
267
402
406
336
380
426
402
486
260
445
374
368
476
469
376
331
379
376
133
200
428
390
310
323
355
444
497
311
275
270
500
530
292
495
425
230
341
340
282
402
399
422
236
215
423
363
380
426
280
387
431
567
394
387
377
250
354
318
485
380
418
272
316
388
348
361
455
492
413
404
524
386
568
596
261
350
333
399
361
295
409
499
246
341
400
334
312
393
360
370
403
446
474
372
206
410
259
501
310
631
248
504
226
391
357
464
546
437
233
190
488
247
386
254
322
407
305
386
366
370
311
220
383
403
237
436
479
513
387
351
478
303
453
392
408
370
454
404
293
428
494
420
617
377
397
407
364
272
595
349
262
393
473
247
245
574
362
423
466
238
358
414
424
460
283
562
320
230
354
212
404
250
292
311
264
466
281
345
287
365
216
365
318
284
366
403
355
372
355
346
360
331
312
419
328
429
192
341
398
264
391
350
233
388
222
424
358
214
418
227
195
393
317
452
415
298
353
435
473
230
456
249
283
227
339
492
343
375
324
326
367
433
400
209
336
317
244
290
266
316
220
226
387
306
388
486
296
408
343
378
359
389
238
449
373
357
381
418
401
324
352
443
377
383
323
386
389
314
211
367
302
280
306
439
285
294
365
439
237
340
388
294
302
388
460
300
459
277
387
320
298
298
585
408
344
354
423
242
399
346
343
388
305
424
356
369
271
429
329
316
340
424
472
417
408
311
613
466
502
349
353
531
358
268
353
324
278
321
395
363
284
360
264
405
342
323
263
367
385
342
246
354
419
316
402
465
364
277
382
338
265
411
337
305
252
424
501
286
221
377
286
193
387
243
394
310
332
392
498
219
249
461
287
335
382
502
538
333
412
416
342
333
458
505
367
377
317
277
338
350
391
256
308
331
258
471
359
345
271
466
380
357
290
252
380
390
320
416
413
425
217
344
257
430
381
328
293
339
374
282
332
459
321
261
473
260
493
490
395
383
381
411
413
310
211
402
355
415
435
465
472
425
258
479
189
385
311
297
297
196
485
324
500
352
382
442
279
420
423
347
440
330
454
243
182
510
491
387
405
373
275
359
434
411
327
268
241
454
535
232
527
280
266
364
461
429
352
369
457
392
372
245
224
361
221
380
481
524
346
368
310
460
329
561
298
614
290
276
440
354
266
457
343
415
347
414
368
414
353
430
411
474
314
336
437
453
313
295
466
500
330
317
378
479
336
365
458
434
269
435
512
346
352
351
496
414
469
395
366
425
245
325
414
294
518
463
347
289
308
244
333
373
374
457
337
303
367
472
366
456
289
360
357
449
413
343
329
397
336
311
365
260
263
347
324
266
263
329
541
401
521
286
397
254
344
497
313
324
318
282
498
416
527
487
364
288
186
377
345
375
318
421
263
229
326
400
491
357
388
335
327
296
411
435
483
262
394
318
428
295
469
322
362
265
334
362
339
422
277
505
338
382
325
309
294
324
287
246
344
307
422
373
344
343
304
447
384
373
306
418
247
424
326
305
372
619
226
394
452
195
270
330
241
385
405
315
434
303
425
361
481
410
421
293
513
399
270
310
330
302
396
508
382
446
421
358
304
508
195
292
339
387
219
154
311
350
401
392
325
358
240
331
442
234
415
403
379
408
373
324
264
517
431
398
306
346
523
599
258
283
389
249
419
367
473
305
393
456
426
293
341
352
417
533
350
424
305
319
378
506
319
313
392
319
324
359
400
377
389
413
538
442
293
399
437
255
398
449
414
343
233
422
300
258
343
370
490
403
358
406
427
312
441
361
448
547
375
436
276
368
374
375
373
363
326
399
501
412
290
553
434
336
299
323
451
238
313
420
282
295
374
382
260
391
364
393
376
357
369
340
242
281
342
402
457
366
243
390
305
560
356
378
442
370
358
372
383
377
422
495
403
371
254
487
356
444
356
340
293
267
368
502
371
452
356
402
503
539
394
436
442
371
432
415
363
366
413
354
531
306
284
356
396
345
308
413
316
271
276
560
352
252
392
331
401
330
321
402
298
349
343
358
266
321
261
425
271
516
410
481
391
395
320
287
280
351
454
532
384
419
400
306
286
253
461
300
341
238
508
327
362
485
284
277
441
344
361
372
417
356
461
259
435
334
305
343
403
256
363
340
369
328
469
313
392
496
262
536
230
332
400
328
407
253
352
361
399
325
415
344
429
407
419
393
274
473
286
478
394
375
296
320
339
416
294
384
397
458
424
318
521
344
293
227
431
481
482
276
273
319
481
476
333
342
391
402
437
259
243
381
374
301
440
279
482
312
340
329
346
215
370
269
264
394
349
324
595
357
334
372
322
460
496
346
257
326
424
471
340
538
342
424
295
216
376
250
414
379
210
412
267
360
417
319
345
423
464
497
238
231
280
492
277
356
242
374
299
326
408
309
523
533
248
461
397
292
170
314
274
330
403
261
294
299
357
395
369
276
443
427
326
298
440
298
372
330
417
359
356
358
386
304
386
394
328
273
499
397
356
404
320
563
366
263
380
396
275
400
437
312
370
321
215
365
347
416
290
321
230
324
376
390
422
268
419
289
251
321
410
353
478
328
426
384
409
384
339
381
304
516
329
375
355
300
419
300
202
517
293
412
344
352
304
410
382
305
478
383
361
387
412
476
304
295
444
368
297
344
227
468
279
409
461
351
279
321
285
298
194
387
297
300
451
431
327
215
284
348
520
307
350
303
278
270
395
308
469
387
290
520
353
365
328
241
282
402
426
321
396
333
397
394
315
305
407
449
373
417
290
412
419
239
333
361
297
276
390
338
275
213
283
341
316
405
464
419
363
298
234
565
461
207
312
397
357
397
255
380
428
414
441
350
321
288
334
390
433
406
482
144
311
400
424
310
407
317
311
342
383
309
317
591
448
293
322
338
269
320
409
235
299
434
328
299
384
265
489
518
421
525
440
345
250
366
347
393
349
487
234
324
467
350
467
338
383
371
428
334
408
369
308
498
411
336
350
283
241
252
465
339
370
331
414
393
357
355
262
407
273
319
443
457
397
458
343
440
408
302
310
473
313
353
313
349
342
342
383
403
490
422
359
347
448
366
284
262
397
402
511
367
343
486
314
292
288
327
328
320
292
396
588
285
302
462
469
469
331
385
244
473
392
236
421
433
462
385
268
278
368
356
481
268
412
312
459
413
338
345
357
432
370
361
517
479
313
374
248
228
441
386
417
437
315
377
520
420
238
457
574
314
372
368
494
400
276
348
366
331
229
464
463
386
424
455
359
397
545
426
416
298
252
368
473
279
488
376
430
252
521
387
404
393
260
325
266
318
379
366
230
526
243
309
347
385
531
325
326
326
440
232
300
359
317
328
323
316
440
342
314
299
309
390
340
335
367
502
407
454
469
267
270
483
457
364
261
423
226
460
409
313
453
232
290
291
411
592
346
280
262
353
319
327
359
324
385
448
574
362
434
320
415
462
238
290
359
501
360
294
339
304
384
316
385
384
323
271
459
477
173
358
263
405
538
349
333
387
298
276
298
449
307
345
345
369
318
411
370
461
455
324
307
351
417
417
571
308
301
392
435
341
447
300
543
365
378
446
367
370
317
350
370
287
502
437
246
372
528
323
402
266
271
518
255
350
391
312
455
464
351
368
300
328
306
370
265
315
429
385
209
322
319
300
355
319
345
443
404
480
411
324
440
378
450
272
337
277
379
359
400
323
425
464
324
283
429
464
468
538
297
313
255
374
433
543
379
388
328
332
353
463
407
355
400
307
324
325
280
396
450
305
323
229
295
320
237
407
356
437
365
275
271
453
250
314
491
323
429
350
360
422
322
420
409
419
497
400
405
388
286
263
280
275
318
262
432
372
279
402
397
316
320
441
428
300
316
468
465
232
219
318
433
500
468
417
371
405
327
257
500
485
405
557
406
257
295
434
310
341
433
264
457
281
382
425
323
277
346
307
253
365
296
519
370
301
254
287
477
337
271
333
334
305
409
350
286
347
224
430
265
420
309
265
275
424
346
323
440
286
442
328
476
405
258
425
395
358
313
513
278
450
448
536
322
309
363
344
246
416
309
346
318
418
257
292
351
346
309
430
312
389
382
472
422
444
467
379
318
388
357
379
448
377
362
421
524
322
340
365
379
290
429
287
404
432
353
385
331
396
424
361
365
380
370
456
417
377
453
332
389
246
456
443
319
238
373
364
462
355
292
355
399
424
269
323
447
491
352
309
341
234
253
297
413
390
369
281
325
512
380
498
201
248
370
237
282
260
556
287
413
501
405
350
367
493
321
307
296
325
356
388
371
446
484
354
437
521
257
297
310
410
431
256
362
342
433
414
542
305
361
318
270
359
390
247
372
412
395
256
384
344
310
217
389
374
428
367
257
312
479
371
262
269
323
517
388
283
244
329
398
385
351
359
302
283
312
283
433
481
364
467
371
230
335
376
376
216
461
400
339
497
353
363
484
350
362
194
364
454
325
469
344
460
397
216
302
430
441
316
356
238
303
379
313
403
266
339
315
359
365
277
342
325
340
262
413
255
469
512
317
452
420
301
383
308
286
238
205
512
294
316
407
597
316
521
326
451
296
305
335
413
384
453
293
309
371
323
321
374
403
419
512
287
488
227
308
215
528
429
359
403
286
430
431
234
297
507
606
299
363
399
450
303
345
475
196
403
363
355
341
364
407
281
375
463
450
326
318
268
276
298
342
433
310
309
326
556
283
347
301
468
369
270
371
337
602
439
330
304
309
472
420
383
355
480
461
398
321
378
252
461
326
340
344
282
301
291
328
250
325
459
403
317
415
391
336
469
364
353
379
424
328
351
393
421
390
320
401
249
247
236
443
454
303
344
373
287
259
410
416
377
278
435
229
374
380
422
222
438
382
398
334
216
449
278
371
333
296
385
304
275
305
179
293
447
288
278
333
359
378
389
529
502
519
419
362
386
332
539
358
366
516
466
254
372
531
323
365
230
314
266
550
546
475
289
406
423
282
408
307
411
288
268
435
393
298
372
516
363
353
260
271
371
320
314
349
311
366
306
451
445
371
332
345
427
414
423
322
435
497
191
314
306
682
415
436
215
410
353
301
376
371
361
336
301
319
492
301
305
326
324
421
240
338
346
304
490
438
373
304
358
364
313
383
385
404
470
285
473
339
384
388
438
439
348
368
350
337
342
404
504
530
377
291
392
254
291
374
288
405
311
283
231
273
426
367
288
186
398
496
368
400
348
390
427
296
296
220
374
374
329
373
346
307
547
387
357
396
369
415
190
301
324
259
282
385
396
407
240
228
399
368
351
289
312
305
267
274
223
367
252
478
445
206
406
396
348
360
342
331
459
576
291
342
182
322
288
235
298
319
363
427
323
281
401
288
404
447
307
467
330
459
374
311
451
499
391
280
360
543
361
384
247
379
453
448
453
407
284
377
274
372
409
275
459
320
643
378
386
246
397
259
281
402
459
367
370
347
401
450
769
388
296
427
250
473
498
227
377
401
458
411
335
477
284
369
457
489
326
399
312
380
425
362
305
524
417
273
420
411
355
310
371
432
410
427
421
466
293
345
277
315
541
404
280
343
322
331
391
458
319
282
246
260
323
428
487
256
488
402
293
366
299
349
311
199
424
365
508
352
270
349
347
406
393
491
514
387
435
386
396
195
481
278
346
414
331
381
371
389
455
443
326
352
324
588
299
496
309
301
468
300
325
322
288
262
371
357
505
286
254
420
362
261
309
328
327
353
388
375
377
299
315
239
397
408
374
176
274
342
265
348
296
317
366
420
361
234
414
429
425
358
323
367
393
406
468
385
463
439
195
171
470
356
333
304
301
378
275
329
510
375
377
298
408
347
312
457
304
347
432
295
452
500
322
357
417
498
326
451
284
378
348
320
245
444
394
433
376
279
416
365
333
314
303
359
338
381
366
407
502
241
577
429
563
452
397
493
315
492
285
388
297
377
473
306
250
257
263
266
258
380
287
389
264
472
361
231
351
369
374
310
345
391
435
377
417
230
349
327
503
374
345
363
395
361
482
356
425
328
338
422
394
352
283
435
508
330
322
417
329
469
340
479
302
381
388
392
323
454
383
345
338
327
473
433
310
378
303
250
425
288
390
366
405
209
306
255
361
309
382
340
406
330
308
330
309
347
257
408
418
343
305
144
305
266
598
364
371
259
384
506
373
462
361
416
409
426
292
405
347
336
415
420
337
369
507
190
392
318
236
335
404
417
346
398
409
435
419
328
426
342
347
326
448
338
429
273
249
457
376
539
426
323
385
471
503
471
256
269
323
278
284
370
422
383
603
377
307
433
326
412
255
283
355
330
408
368
268
255
316
411
384
318
361
422
395
453
448
583
344
334
392
338
515
374
399
421
444
356
526
295
289
387
400
457
379
412
287
293
459
348
429
343
462
329
425
410
509
290
344
328
352
335
369
288
234
431
357
347
354
257
261
276
452
355
512
331
443
351
219
243
399
643
504
487
366
392
379
264
319
346
308
449
487
464
308
292
315
346
395
416
355
411
335
540
253
234
374
400
238
500
334
506
355
283
497
386
353
361
463
317
444
408
385
322
268
254
472
382
302
435
282
306
406
295
426
328
407
244
390
328
479
322
265
434
422
310
420
472
335
257
439
351
394
375
359
412
358
454
302
326
281
416
392
379
491
302
269
370
402
338
268
417
413
369
376
327
327
379
483
499
349
365
305
271
490
353
365
270
250
398
336
262
393
239
368
395
423
351
265
305
321
446
498
352
222
315
556
376
453
465
257
472
403
439
385
282
332
388
546
301
332
327
406
208
414
338
261
402
381
336
393
316
365
241
466
354
381
342
320
437
371
346
205
422
252
357
433
288
267
399
313
329
411
451
355
491
298
544
488
301
369
463
319
379
302
440
312
210
327
312
446
459
358
296
564
382
438
223
323
387
272
249
384
438
443
258
438
266
419
270
347
359
325
513
419
292
201
507
389
400
375
329
541
350
240
404
370
372
397
375
375
354
382
333
342
357
534
466
411
370
260
399
367
375
241
511
398
349
468
372
393
504
411
388
388
334
305
399
421
395
414
382
527
401
488
417
244
443
487
154
317
297
492
272
361
463
334
423
362
319
333
317
384
350
279
418
419
390
297
621
253
371
466
468
304
294
480
265
435
398
413
403
496
265
349
522
439
346
501
290
243
282
203
396
338
367
595
318
392
512
387
314
335
430
493
235
319
314
317
175
348
443
378
354
359
309
374
283
455
415
388
408
395
443
271
336
505
296
386
316
566
335
292
354
336
241
541
413
423
257
505
517
178
357
461
469
317
291
262
278
315
349
225
357
570
474
339
250
482
559
443
239
360
402
393
305
408
404
434
387
361
353
500
347
522
331
461
342
500
377
447
514
269
431
355
408
452
362
381
438
425
362
487
322
400
452
281
414
321
267
399
446
271
324
194
305
523
422
306
340
286
394
339
591
437
343
443
345
270
218
427
348
500
376
481
388
434
290
259
181
318
339
359
465
442
303
443
295
479
309
437
317
446
289
418
301
334
267
350
284
484
367
315
399
351
237
315
322
381
224
379
309
288
477
376
512
447
368
237
335
230
303
442
449
365
389
362
447
438
423
459
327
360
302
404
390
305
475
350
438
442
297
288
326
334
351
388
177
339
289
401
401
352
368
385
396
352
193
295
291
412
336
299
294
276
224
322
364
394
354
334
388
433
411
305
318
463
416
327
309
271
354
340
392
397
220
362
264
396
430
380
347
331
293
371
241
370
490
394
272
244
402
378
486
305
372
391
413
469
349
310
333
336
380
368
340
376
299
424
218
290
423
477
238
479
457
395
452
328
445
515
438
408
322
482
295
520
288
356
346
290
449
327
371
384
234
363
357
254
240
269
358
358
322
472
418
378
294
342
452
340
387
449
409
286
340
478
409
472
465
365
453
437
362
409
308
343
426
464
428
495
300
369
214
428
318
302
394
272
313
364
409
350
350
327
363
203
316
377
278
373
424
411
385
426
462
322
378
253
340
410
323
349
364
347
213
339
265
289
315
397
350
353
244
225
338
283
237
348
463
272
599
351
254
426
339
441
448
421
423
514
288
439
361
373
380
433
244
282
404
505
228
494
387
411
268
366
438
357
351
308
343
411
305
431
353
467
209
466
408
513
377
322
297
279
266
320
270
299
355
237
396
517
255
370
380
364
363
332
436
416
443
251
329
419
363
427
319
279
349
348
503
391
347
430
470
364
366
308
242
396
316
419
371
377
361
439
249
308
347
443
360
299
350
462
215
394
367
453
283
427
278
339
285
424
226
421
222
494
312
481
325
236
388
301
410
320
257
595
244
349
659
310
289
296
296
309
426
434
568
304
369
412
309
437
211
300
303
208
586
242
354
496
500
367
358
345
342
421
423
328
441
320
367
331
324
177
420
315
504
260
501
447
386
317
352
326
347
419
396
437
327
302
363
344
275
288
304
464
304
303
419
350
384
292
337
417
340
376
385
336
274
261
359
384
468
331
526
232
306
492
321
394
297
336
413
383
316
384
324
313
331
413
448
417
414
485
361
235
403
275
408
411
404
270
222
442
264
448
454
476
393
345
347
439
324
402
351
297
363
364
249
280
362
347
536
210
367
280
406
333
270
301
331
211
313
534
491
278
401
344
198
521
393
277
470
573
277
405
465
333
293
263
503
358
280
434
324
330
366
357
306
390
246
354
307
214
346
281
289
341
264
371
422
377
395
326
343
393
290
407
375
507
376
324
353
382
417
274
315
386
312
427
467
746
452
483
415
236
324
374
434
318
271
446
386
304
434
288
364
304
306
323
385
296
332
257
448
254
572
397
455
310
359
357
340
245
391
171
427
408
344
468
246
231
403
414
380
463
302
329
236
389
458
211
277
266
332
244
413
477
302
262
301
283
318
353
386
263
411
318
312
402
447
562
271
596
316
409
210
412
409
407
303
448
499
319
223
481
245
218
332
326
288
323
302
378
364
244
307
244
452
593
360
331
270
439
375
423
289
366
370
488
189
338
239
362
272
259
450
396
358
425
460
310
373
285
342
412
266
329
453
397
304
463
278
437
297
352
364
338
454
434
272
298
382
298
349
344
202
328
508
482
436
296
342
466
295
408
240
360
247
402
273
301
420
282
444
367
385
193
474
473
409
451
304
216
302
481
387
447
302
279
460
289
261
361
316
272
270
261
466
323
305
399
331
321
388
323
418
421
296
221
391
383
199
431
418
340
289
274
322
385
363
349
381
385
319
264
319
307
518
381
515
422
392
360
516
311
368
489
463
322
579
420
387
227
335
383
350
352
388
364
346
238
382
351
307
321
484
437
461
421
413
288
367
428
342
471
429
490
481
372
384
462
272
517
346
432
334
393
317
325
363
307
340
504
263
464
500
255
393
343
432
289
478
390
341
270
379
289
476
289
384
500
263
306
472
412
428
311
377
411
227
297
313
378
295
477
433
307
659
277
247
423
454
209
569
300
335
240
313
341
488
368
321
373
317
529
410
430
371
285
514
397
323
277
358
395
360
294
343
417
326
296
532
447
254
304
295
270
339
387
347
336
320
306
278
343
190
332
391
267
310
348
297
322
299
392
294
355
392
311
453
343
172
337
334
263
502
378
395
357
534
419
315
287
233
250
340
472
341
339
330
391
531
255
213
371
395
546
469
317
348
319
478
247
365
365
415
518
437
369
473
409
315
274
377
496
323
464
566
456
244
183
208
451
235
150
360
330
425
386
335
420
331
437
536
451
328
398
533
337
327
427
480
420
436
369
357
498
299
290
409
441
438
487
274
256
343
449
406
313
367
334
446
365
295
418
297
355
285
419
245
346
297
384
321
365
305
326
246
414
187
288
498
366
295
290
271
422
518
504
386
389
423
354
249
362
350
325
396
474
298
324
346
441
337
375
411
360
290
422
328
349
412
302
266
381
344
521
289
312
288
317
385
370
191
385
371
413
374
487
401
354
409
313
195
264
299
532
320
275
351
372
270
429
384
396
407
561
364
395
365
459
380
405
432
424
320
309
273
417
272
455
417
316
375
326
383
432
276
470
231
188
324
308
309
444
312
389
413
428
469
395
289
355
355
379
505
425
412
272
369
387
395
382
222
349
431
289
303
313
414
336
534
453
320
316
365
544
256
275
361
371
495
308
323
358
386
232
259
461
317
261
354
389
326
285
372
228
393
287
259
405
540
337
320
452
356
341
397
487
514
452
363
383
339
357
377
358
288
343
286
473
321
453
250
287
445
302
367
420
263
310
438
386
446
390
347
289
451
397
394
283
503
469
476
301
218
289
349
332
378
261
412
383
579
376
382
374
260
438
314
584
440
360
